[LastSeenJointPositions]
angles = [ 2.53307652473449707, 5.39993320682600952, 5.46518022218813115, 5.90106199958876587, 1.68116974830627441, 1.09466385841369629]
revolutions = [ 0, -1, -1, -1, 0, 0]
revolutionOffsets = [ 0, 0, 0, 0, 0, 0]
jointPositionLimitsIsInfiniteUR3wrist3 = 0
