[mounting]
delta_theta = [ -3.25747002476640837e-07, -1.14738254683202223, 0.369687081263522677, 0.777706158236700307, -7.34729492961748074e-07, -6.63902811814866701e-08]
delta_a = [ 0.000138246006617780316, 0.250357454814866487, 0.112949004467985392, 0.000153947519213498349, -3.68375866931455425e-05, 0]
delta_d = [ 1.37460678090173261e-06, 161.024464811167007, -195.813671617335643, 34.7885778145864251, 1.73116979899912149e-05, 4.58618371287633497e-05]
delta_alpha = [ -0.000855282938563961537, -0.00240654693130690038, 0.00790445425344775583, -0.000335577491614724721, 0.00155539482777999893, 0]
joint_checksum = [ 0x9557c84f, 0x9152a707, 0x1665ecfa, 0xa4ffb9d7, 0x95ecb627, 0x95e918b8]
calibration_status = 2 # 0 == notInitialized / 1 == notLinearised / 2 == Linearised
joint_raw_offset = [ 1.10353517532348633, 1.10273885726928711, -5.13737726211547852, 3.15919733047485352, 3.11221098899841309, 3.10260176658630371]
joint_selftest_data_crc = [ 0x55ca87ab, 0x51c5807b, 0x55c18795, 0x64b5898d, 0x55a587b0, 0x55a287b1]
